40 40 40 40 40 70 70 70 70 70 89 89 89 89 89 89 89 89 89 80 80 80 71 71 11 11 20 20 20 20 0 0 0 0 0 0 0 0 0 0 0 0 0 0 0 0 0 0 0 0
40 40 40 40 40 70 70 70 70 70 89 89 89 89 89 89 16 16 80 80 80 80 80 71 71 11 20 5 20 20 0 0 0 0 0 0 0 0 0 0 0 0 0 0 0 0 0 0 0 0
40 40 40 40 70 70 70 70 70 70 89 89 89 89 89 89 16 16 80 80 80 80 80 80 71 5 5 5 20 22 0 0 0 0 0 0 0 0 0 0 0 0 0 0 0 0 0 0 0 0
40 40 40 70 70 70 70 70 70 70 55 55 55 55 55 16 16 16 80 80 9 9 80 94 94 94 68 20 20 23 0 0 0 0 0 0 0 0 0 0 0 0 0 0 0 0 0 0 0 0
40 40 40 70 70 70 50 50 70 70 70 70 55 55 55 35 35 16 16 9 9 9 58 94 94 94 68 68 99 99 0 0 0 0 0 0 0 0 0 0 0 0 0 0 0 0 0 0 0 0
44 40 40 50 50 50 50 50 70 70 36 70 84 29 29 29 35 10 10 10 9 9 9 94 77 68 68 43 43 99 0 0 0 0 0 0 0 0 0 0 0 0 0 0 0 0 0 0 0 0
44 50 50 50 15 15 15 70 70 70 36 36 84 84 84 57 35 10 10 10 9 9 94 94 77 8 8 43 43 99 0 0 0 0 0 0 0 0 0 0 0 0 0 0 0 0 0 0 0 0
44 44 44 66 15 15 15 15 70 70 36 36 36 84 57 57 35 35 10 10 77 77 77 77 77 8 8 86 86 86 0 0 0 0 0 0 0 0 0 0 0 0 0 0 0 0 0 0 0 0
21 21 21 66 21 15 91 36 36 36 36 36 36 36 36 57 57 57 10 10 77 77 77 2 77 92 75 86 86 86 0 0 0 0 0 0 0 0 0 0 0 0 0 0 0 0 0 0 0 0
21 21 21 21 21 21 91 91 91 36 36 36 36 36 36 36 98 98 10 10 98 98 2 2 77 92 86 86 86 79 0 0 0 0 0 0 0 0 0 0 0 0 0 0 0 0 0 0 0 0
21 21 21 21 21 21 21 91 91 36 36 36 36 36 98 36 36 98 98 98 98 2 2 2 77 64 64 86 86 79 0 0 0 0 0 0 0 0 0 0 0 0 0 0 0 0 0 0 0 0
21 32 32 32 91 91 91 91 91 91 91 91 98 98 98 98 98 98 98 69 69 69 2 2 2 64 64 64 86 79 0 0 0 0 0 0 0 0 0 0 0 0 0 0 0 0 0 0 0 0
41 41 41 32 32 95 91 91 95 91 31 98 98 1 98 98 98 98 98 69 69 69 69 69 2 2 64 64 86 79 0 0 0 0 0 0 0 0 0 0 0 0 0 0 0 0 0 0 0 0
41 41 41 32 32 95 95 95 95 91 31 98 1 1 1 1 1 46 46 46 69 2 2 2 2 2 64 86 86 61 0 0 0 0 0 0 0 0 0 0 0 0 0 0 0 0 0 0 0 0
41 41 78 78 7 95 95 17 95 31 31 98 1 1 1 1 38 38 59 46 72 72 2 2 2 2 64 64 64 61 0 0 0 0 0 0 0 0 0 0 0 0 0 0 0 0 0 0 0 0
41 78 78 7 7 17 17 17 31 31 31 1 1 1 38 65 38 38 59 46 59 2 2 2 2 64 64 64 61 61 0 0 0 0 0 0 0 0 0 0 0 0 0 0 0 0 0 0 0 0
87 78 33 7 17 17 17 42 31 31 31 31 31 38 38 38 38 38 59 59 59 59 59 59 88 88 88 61 61 61 0 0 0 0 0 0 0 0 0 0 0 0 0 0 0 0 0 0 0 0
87 67 67 67 17 17 42 42 31 31 31 31 54 54 38 38 38 12 12 12 12 59 59 59 88 47 47 47 61 61 0 0 0 0 0 0 0 0 0 0 0 0 0 0 0 0 0 0 0 0
87 67 67 67 52 97 42 42 42 31 31 54 54 54 38 45 45 45 12 12 12 12 59 59 88 88 47 47 61 61 0 0 0 0 0 0 0 0 0 0 0 0 0 0 0 0 0 0 0 0
87 87 67 87 52 97 42 28 28 28 28 48 48 54 38 45 12 45 12 12 12 12 12 56 88 88 47 47 61 61 0 0 0 0 0 0 0 0 0 0 0 0 0 0 0 0 0 0 0 0
87 87 87 87 52 42 42 42 28 28 48 48 54 54 54 45 12 12 12 12 14 12 56 56 56 47 47 61 61 61 0 0 0 0 0 0 0 0 0 0 0 0 0 0 0 0 0 0 0 0
87 87 87 87 53 53 28 28 28 100 60 48 48 90 81 45 12 12 14 12 14 14 56 56 56 47 47 26 26 61 0 0 0 0 0 0 0 0 0 0 0 0 0 0 0 0 0 0 0 0
87 87 87 87 53 53 53 62 100 100 60 60 48 48 81 81 81 14 14 12 14 14 56 56 56 56 47 26 26 26 0 0 0 0 0 0 0 0 0 0 0 0 0 0 0 0 0 0 0 0
19 19 19 19 19 83 83 83 49 60 60 60 60 13 81 81 81 81 14 14 14 14 56 56 56 56 47 26 26 26 0 0 0 0 0 0 0 0 0 0 0 0 0 0 0 0 0 0 0 0
19 19 63 63 18 18 18 83 49 60 49 49 60 13 13 81 51 81 14 14 85 14 56 56 56 47 47 74 26 26 0 0 0 0 0 0 0 0 0 0 0 0 0 0 0 0 0 0 0 0
63 63 63 63 18 18 18 83 49 49 49 49 37 37 37 37 51 81 25 25 85 76 76 6 6 6 47 74 74 4 0 0 0 0 0 0 0 0 0 0 0 0 0 0 0 0 0 0 0 0
30 39 39 39 39 18 18 18 49 49 37 37 37 37 37 37 51 51 25 93 85 85 85 85 73 6 74 74 74 4 0 0 0 0 0 0 0 0 0 0 0 0 0 0 0 0 0 0 0 0
30 30 24 39 39 39 18 18 18 37 37 37 37 37 37 93 93 93 93 93 85 34 73 73 73 82 82 27 4 4 0 0 0 0 0 0 0 0 0 0 0 0 0 0 0 0 0 0 0 0
30 30 3 39 39 39 39 39 39 39 37 37 93 93 93 93 93 93 93 93 93 93 73 73 73 96 82 82 82 4 0 0 0 0 0 0 0 0 0 0 0 0 0 0 0 0 0 0 0 0
0 0 0 0 0 0 0 0 0 0 0 0 0 0 0 0 0 0 0 0 0 0 0 0 0 0 0 0 0 0 0 0 0 0 0 0 0 0 0 0 0 0 0 0 0 0 0 0 0 0
0 0 0 0 0 0 0 0 0 0 0 0 0 0 0 0 0 0 0 0 0 0 0 0 0 0 0 0 0 0 0 0 0 0 0 0 0 0 0 0 0 0 0 0 0 0 0 0 0 0
0 0 0 0 0 0 0 0 0 0 0 0 0 0 0 0 0 0 0 0 0 0 0 0 0 0 0 0 0 0 0 0 0 0 0 0 0 0 0 0 0 0 0 0 0 0 0 0 0 0
0 0 0 0 0 0 0 0 0 0 0 0 0 0 0 0 0 0 0 0 0 0 0 0 0 0 0 0 0 0 0 0 0 0 0 0 0 0 0 0 0 0 0 0 0 0 0 0 0 0
0 0 0 0 0 0 0 0 0 0 0 0 0 0 0 0 0 0 0 0 0 0 0 0 0 0 0 0 0 0 0 0 0 0 0 0 0 0 0 0 0 0 0 0 0 0 0 0 0 0
0 0 0 0 0 0 0 0 0 0 0 0 0 0 0 0 0 0 0 0 0 0 0 0 0 0 0 0 0 0 0 0 0 0 0 0 0 0 0 0 0 0 0 0 0 0 0 0 0 0
0 0 0 0 0 0 0 0 0 0 0 0 0 0 0 0 0 0 0 0 0 0 0 0 0 0 0 0 0 0 0 0 0 0 0 0 0 0 0 0 0 0 0 0 0 0 0 0 0 0
0 0 0 0 0 0 0 0 0 0 0 0 0 0 0 0 0 0 0 0 0 0 0 0 0 0 0 0 0 0 0 0 0 0 0 0 0 0 0 0 0 0 0 0 0 0 0 0 0 0
0 0 0 0 0 0 0 0 0 0 0 0 0 0 0 0 0 0 0 0 0 0 0 0 0 0 0 0 0 0 0 0 0 0 0 0 0 0 0 0 0 0 0 0 0 0 0 0 0 0
0 0 0 0 0 0 0 0 0 0 0 0 0 0 0 0 0 0 0 0 0 0 0 0 0 0 0 0 0 0 0 0 0 0 0 0 0 0 0 0 0 0 0 0 0 0 0 0 0 0
0 0 0 0 0 0 0 0 0 0 0 0 0 0 0 0 0 0 0 0 0 0 0 0 0 0 0 0 0 0 0 0 0 0 0 0 0 0 0 0 0 0 0 0 0 0 0 0 0 0
0 0 0 0 0 0 0 0 0 0 0 0 0 0 0 0 0 0 0 0 0 0 0 0 0 0 0 0 0 0 0 0 0 0 0 0 0 0 0 0 0 0 0 0 0 0 0 0 0 0
0 0 0 0 0 0 0 0 0 0 0 0 0 0 0 0 0 0 0 0 0 0 0 0 0 0 0 0 0 0 0 0 0 0 0 0 0 0 0 0 0 0 0 0 0 0 0 0 0 0
0 0 0 0 0 0 0 0 0 0 0 0 0 0 0 0 0 0 0 0 0 0 0 0 0 0 0 0 0 0 0 0 0 0 0 0 0 0 0 0 0 0 0 0 0 0 0 0 0 0
0 0 0 0 0 0 0 0 0 0 0 0 0 0 0 0 0 0 0 0 0 0 0 0 0 0 0 0 0 0 0 0 0 0 0 0 0 0 0 0 0 0 0 0 0 0 0 0 0 0
0 0 0 0 0 0 0 0 0 0 0 0 0 0 0 0 0 0 0 0 0 0 0 0 0 0 0 0 0 0 0 0 0 0 0 0 0 0 0 0 0 0 0 0 0 0 0 0 0 0
0 0 0 0 0 0 0 0 0 0 0 0 0 0 0 0 0 0 0 0 0 0 0 0 0 0 0 0 0 0 0 0 0 0 0 0 0 0 0 0 0 0 0 0 0 0 0 0 0 0
0 0 0 0 0 0 0 0 0 0 0 0 0 0 0 0 0 0 0 0 0 0 0 0 0 0 0 0 0 0 0 0 0 0 0 0 0 0 0 0 0 0 0 0 0 0 0 0 0 0
0 0 0 0 0 0 0 0 0 0 0 0 0 0 0 0 0 0 0 0 0 0 0 0 0 0 0 0 0 0 0 0 0 0 0 0 0 0 0 0 0 0 0 0 0 0 0 0 0 0
0 0 0 0 0 0 0 0 0 0 0 0 0 0 0 0 0 0 0 0 0 0 0 0 0 0 0 0 0 0 0 0 0 0 0 0 0 0 0 0 0 0 0 0 0 0 0 0 0 0
0 0 0 0 0 0 0 0 0 0 0 0 0 0 0 0 0 0 0 0 0 0 0 0 0 0 0 0 0 0 0 0 0 0 0 0 0 0 0 0 0 0 0 0 0 0 0 0 0 0
